6
3
7
31
1
5
89
20
57
14
21
36
15
5
14
11
32
15
4
4
8
10
30
58
16
13
12
22
22
1
14
74
15
22
18
20
11
15
3
33
12
13
13
11
23
14
50
41
29
20
11
13
19
36
34
39
22
22
28
84
24
14
22
28
14
11
5
11
37
10
9
10
34
13
18
13
20
42
7
62
9
36
38
34
13
27
21
45
33
24
15
7
35
52
22
24
25
9
43
17
18
9
10
10
14
12
81
9
22
20
26
30
11
24
8
8
46
2
9
1
39
16
17
22
23
29
24
5
14
47
20
22
9
11
15
30
11
19
13
6
22
18
16
19
43
31
19
36
16
14
23
10
24
4
9
10
27
15
17
20
40
5
3
6
19
17
24
19
18
12
21
73
8
2
7
19
22
17
9
9
4
11
7
5
32
23
16
3
81
7
25
16
13
8
6
42
29
5
14
33
