1000
402.745985380406 394.9864138833289
572.6778602679743 363.70894110666586
300.1120594715502 417.4228535026623
299.4146706465732 264.51431127129047
771.2526756891339 826.8220967589637
506.1516001996721 556.8475269619913
490.51742481902886 517.2969522665192
917.4310520269676 611.7287049553862
634.8974700622425 453.415445762736
22.399497045187843 500.05730832083304
702.348443807566 670.7605300738705
668.2806649215271 410.2100655825959
861.2947792069951 716.6349236264441
203.32172382345834 150.3329757773194
365.27428975944633 470.37687129838514
578.9917240481079 634.481502327995
702.2661286741603 732.9403327102315
615.8968004315058 567.8871072889546
412.8188109022498 362.2332998681826
653.2230005003721 478.7140515251555
835.2226021676379 636.2108168576444
448.3979629444199 906.2896008550363
625.5886980360999 401.4916801486548
629.2207305066668 531.3715127800797
493.0084905643049 509.0490748808429
864.971879999442 290.0209993535641
100.67138883156457 330.64205257108443
768.5508365425778 538.587076897947
431.92388247446775 885.2135716293305
497.86493708360894 501.3095736070175
899.6145181864789 713.2173136839631
634.637806388126 485.77980873905153
557.1585530499282 948.0964445286982
824.8459442252813 122.3985077871896
674.7116563076215 160.26292646684652
438.14922182068426 763.2730344429893
209.98012091021928 446.3017381774999
311.2357397630856 151.8983941221395
574.2736336613444 976.6143814669394
718.3857810744853 662.8954053330381
679.3968893844144 733.3791089136782
459.7667586218237 125.34881207208326
499.2644122946253 499.55733531098394
208.39976545198448 100.79781220571289
595.2449756615644 665.4258061403359
116.14187866383281 182.14750918819647
385.4337099716637 221.6186774043797
436.2177258275632 341.768266794103
968.0244458915871 599.3011617030176
469.79790480363357 860.7913672280135
504.9816621584841 612.9363800918195
859.6837532807309 422.29142441068643
509.0132310916283 483.45900635070893
563.9733666793833 722.5125040229791
262.32515781684793 172.64137287485107
253.105540020695 336.22201560880933
731.8428162460546 886.0995593708278
601.3053277432618 672.1233484609211
338.3589005947608 27.52174611812086
382.06638626970465 430.9422681510762
429.0335585144694 536.0153382372723
405.24595575794564 419.14534505661373
634.6703362425582 642.4802732155999
670.0403820952379 519.9732826374367
433.0739076542138 523.0612278838635
488.2804510581755 321.1509294447078
528.6511635140807 761.508292868099
385.44890569881227 459.1846291065544
755.0460963356127 228.5181124530775
504.6546920129123 12.319219722396667
692.0548957790239 253.18165634577994
475.790128235831 729.1110352371352
450.2970153297261 57.26851202783388
86.46633107542289 346.2872591485672
320.34906394559715 479.8529370631587
738.4826165680024 545.5811621399778
925.9801639440739 725.5864442595521
603.6622294788062 903.073013227076
437.302698423472 489.8349536727434
563.7120235925804 465.31009210675404
174.34046134391116 219.07554313509365
432.3769365820344 269.68234101593913
511.3222493650939 789.3650705112706
462.1297308333421 546.0037797250865
425.85442978326097 247.62855377500753
862.3424631052005 406.20577305109606
714.3884505361634 421.93579443625447
846.9781160301114 433.74593206841763
503.962211678897 558.1653157759292
829.3438135231588 747.5024790423676
847.8293502154111 198.02309968667475
445.96309166621927 557.3081073954942
544.1416775746958 560.5565986488828
414.8693583105288 568.6349303670768
44.73368529715469 392.89631167754607
449.2413610219088 549.0014320883836
398.699348349085 396.9358396869365
281.3032117117486 701.9657553463088
670.6608823322696 620.4012389075342
455.7563939443702 567.0181505762793
390.67528547158474 795.0495360078951
571.7520320047546 627.1626193514644
495.7956044511394 403.93284639381056
81.36515819171268 239.16729262530686
806.3361839480383 453.9890380273335
677.1435886876498 174.74835245551736
562.5381888003461 985.2370321780757
592.4144151509388 689.2449751150598
47.89573064999195 290.13990576801496
416.27158859593766 571.898011021921
621.6446718824529 52.57933611099844
22.900476299977072 566.0450900275399
318.26277818901633 504.2882346390805
764.8857067139187 322.7899546747171
272.32151999559517 526.8274868328396
498.3688311214983 593.3459062830797
381.65411573743654 420.62346133829317
377.8441721159632 444.14678742054383
377.7421607315644 659.281290598783
518.5714562814753 950.6544212825329
502.9732049860562 518.4885372442092
645.3178911747976 198.15775788122102
647.3747445558749 814.8314263222187
295.06698207932993 535.5727030301695
425.3075918282419 677.3809932634897
586.0230038142558 473.60877389357165
432.82027969332046 468.1634311371732
480.3269151751289 273.2676849812973
495.6587451225195 505.2756196735503
349.27006628454683 174.86265193455216
496.46458000339237 491.1439108412389
785.228890399686 516.0275707691997
428.650477323741 258.6704802815168
203.05947115053715 225.90628018934058
699.2419899445264 454.53103885663654
495.8353442706004 453.25527748032454
96.3325393951647 236.82379658946076
492.72188689004827 478.21196014790956
154.00516077413357 625.6744971642115
552.4999035355094 969.9718346743621
632.0987655994866 167.0361685093245
674.5900287872922 397.09493497419317
449.9418942492315 110.64509618494469
272.72404631082475 117.0640410985244
803.0664938089278 384.1471801078941
560.6011259992347 490.64281107415104
469.11942303076665 471.29336260512304
493.5207102261259 510.84472800416694
439.3428327394945 493.2824530601668
491.43523549205435 465.6081704445809
750.9387558117586 314.62412553514156
509.5106102637537 793.0726660144212
273.730479317957 336.68044901031305
269.27288048777655 842.2400472192602
570.5048017598 461.48246559629877
614.2616470056873 655.6911132874418
461.82196075515304 477.0700014614353
917.667538552656 394.5125691285057
735.8811475356785 301.8004755812415
316.9377679005387 374.7499779178961
445.71785839791596 943.7189784985787
555.5623141511244 218.5453137970859
661.143821490735 511.9951258877804
309.1881100305051 250.43728879705432
452.39536404400604 521.6280297340905
526.0569303872077 515.5175235469587
554.8960490151358 473.137540547024
472.51127093955654 689.6173904370821
298.10262889055826 475.84371673515346
819.6419649128143 209.08526732379545
757.8939959678453 613.9116779280099
232.2848397777908 175.1045090603139
679.1666833783797 811.554935927586
475.13724472207025 452.18117553276954
725.6998965713194 219.87906650524803
502.2475676427442 45.97259516805923
304.6162014907871 289.5652412325132
805.0333570667831 309.3770475168759
667.7948972779323 441.89564484411306
525.189790047963 549.8259544251147
466.55143643106805 528.2651395542194
844.1941160288684 487.5476233866228
602.0701176809781 287.0754711896998
585.3587855807007 370.0836608183903
194.00496588329304 579.9687892392659
724.7204918370461 347.49635278636794
267.23022064456177 472.9345116989849
718.3833499119261 670.2476870904018
545.2203361904179 802.9308747286043
615.0701521422577 286.0249957466933
410.6467656777471 692.5930255933324
193.53378563529628 367.99063835681545
617.858516260754 39.48538102356741
225.7627916146496 850.6049566253216
385.2050065536056 431.9348749710546
370.58636927968155 645.9431442086695
555.6886239422922 570.0795827699247
532.2789493448975 529.56925283377
727.5898028296217 838.4260148588837
553.5431501804972 479.67935259401844
463.41411831921164 377.3140460988467
805.915958595216 401.16447567276134
968.5165463243615 380.0107148553292
244.05649366949868 608.5331250534026
744.6611905712064 478.10742749558773
751.8103575384158 378.5891259999314
511.24895606777255 241.47170234050344
486.9783916525989 956.9549698867465
403.07583027807743 534.0861909437622
536.8431692489025 466.5745050807046
600.0842202316461 660.9152931971668
327.9141297171823 502.6971117891254
500.8156185405967 497.15803236042245
510.6002468799736 585.9391190928987
433.1213882641175 571.7324142843265
567.0232370144502 895.3713056128574
382.64525205729257 885.0790224218209
530.5945512171891 733.8875330026768
521.4743579512701 805.5774571996374
545.5772833612592 211.83641626580328
814.4547107014427 135.6723019346568
900.0566737046704 490.5518888960155
277.1232826146555 233.7543620963341
462.102276156133 453.14045147758304
584.0047681457921 471.5704826143131
613.9739922406246 407.31293616276645
517.9960597855952 629.9136348335993
122.5751896772291 301.86656530422783
494.27061017794216 497.9061035284626
674.1539602505409 650.136017427264
563.115414642064 528.4329940062651
612.4858887767008 459.8201169412007
564.5822530986158 440.4667489202963
404.86163070757453 426.7526707117704
473.6817874458798 221.09269874456152
386.7195713782305 483.15386755748284
169.27442443130894 836.4519809170256
299.5358112287436 326.0682542470653
576.2857967539069 391.106960711958
562.3136094795387 873.1534540664873
495.55198424767065 673.4379595744387
74.48120744441388 462.985235155366
501.4156751880795 501.90032377928037
463.85167916351287 507.7009811140029
500.6236723902595 496.7536317422754
488.89901710547133 439.51410503512346
289.19046543459206 387.85797522498433
729.3872521457822 940.3639851028406
579.9791137969346 137.78804155507987
639.0303242444173 185.69135507579654
976.0576017286393 439.8961631035622
359.2660998782427 395.48122380289135
471.65921970881266 664.6136587444266
512.7090318729196 552.6979375627042
465.21840983318486 543.3124478657659
369.2840896363016 504.5834839887443
522.1283976904498 528.5241531031971
670.2422862396484 465.8129408858581
691.5093835459783 190.566651571664
436.63481109839654 985.7081353021385
544.3648515473539 978.2001260881101
371.84556542067907 410.5071501870556
510.47353014899187 281.3559574196385
534.8462577275179 711.9062557600803
278.82485482161206 781.8813412825912
964.7239124587129 385.2525811592461
205.46478926994064 454.7981014547391
850.5909089813363 401.405676344825
965.6132990186953 439.5575629710752
360.9503902330151 380.810329777977
708.0960943018391 888.6712522244486
369.4121365643529 486.4420499172529
485.55809787374955 466.23568472875496
637.9578979951996 723.7588097471979
513.4117764433947 323.90071474337526
566.5295554670456 486.61409575780846
480.5584155952343 480.037220669039
151.1714706342628 417.27921677287753
959.2699285911233 642.6863583643095
482.3466372838388 521.1271182122507
140.59369361060914 374.0319385986601
567.6734196132335 855.9381457633822
867.3447770719112 633.338181220205
292.30573015128755 939.4968618062001
635.0657605287074 790.9962092086914
560.0531354696119 361.90337878781463
271.8850053773306 504.5876295863519
498.84205212381016 477.6662429641981
578.0201744557347 467.4226457121758
220.33911076034872 423.61158562255315
643.1009763064174 774.7146083022644
390.67517044901683 850.9025301412505
152.85808928964474 847.5627548957615
312.08026866516815 493.46070671261543
527.0668554108452 357.5590926399751
497.00507241540356 443.53218484557294
584.49488179707 84.31102898702756
642.5101182259941 253.02864300403957
526.0773853806775 252.45891012622113
562.4011349962526 833.5440981834125
566.054055266927 92.31667681210132
505.8264236081234 501.4774187428112
643.2770434892235 788.4299821254176
617.3789421386539 567.5135478922138
613.4703191246834 435.7316908261595
596.8025604635743 803.9665092584016
365.47638391098207 389.17675217416115
839.9485461562681 220.8263690149289
339.38036411284975 316.9461796329412
615.1449139114487 145.8209351548308
450.99821921436694 108.53393837637049
338.9121817692021 358.9447792202965
681.9483275235801 473.94381491996705
352.2406652719435 765.6629119482911
888.2994074262213 438.13663547144876
531.978542736012 917.9656652386598
525.0906991614067 500.2148533477741
942.2822421136927 541.0097243913795
451.59235983150603 550.0962528134638
543.8373487585081 973.4884683727273
616.5793643077396 240.53961721572642
540.5190781857319 755.8998549287843
179.28977810727207 141.24555425913553
467.6701777594377 453.48699366144024
424.8140870669905 460.41721545231263
496.568025192308 500.73565954078936
514.1686650753348 492.98566081451327
522.0457633688837 250.41494853724464
731.3368215173598 418.75961261767964
679.723864905611 509.4944844834629
695.0297222617601 485.74045371398694
254.46913538431534 477.0810367115564
756.5562508543799 89.04914060985868
475.7689046111206 496.9954559799507
137.78827163894562 516.7329946370143
506.7849153684074 831.2449696230424
443.49585377701555 516.3232587782812
385.8029007722448 845.8283785690292
559.6523224436803 390.4193584106632
416.53612619122913 557.4708827641326
720.654378458803 350.2149639927077
810.9537460461105 428.09756347453964
482.47940699069846 439.94348102529733
612.3354357568312 911.4899743715571
870.9895650658491 382.8582896983427
253.3163992937047 133.89272549772346
549.3081846216814 820.9353756929211
179.7190583788069 469.5276056836959
365.39312729255585 285.4743094497551
506.92713011902686 513.1151876459498
242.25728521563076 757.0873904129845
494.6916572258454 508.324477645335
735.2582108787888 494.5048241284583
170.93342501438877 356.4597491338259
684.2963584027278 549.589764664166
502.381647046185 414.6210645441497
407.5483925777006 395.24998354517686
596.4442033894358 552.9580687238836
645.0447285891099 510.6919600442393
695.539288665915 741.1889950525048
479.53170454555175 493.53016099604616
429.49711841159933 485.09001852604155
225.5798866765761 341.29048147475214
698.4928239400962 540.5156185091446
594.5144586458616 603.0793817128996
144.09143878378757 563.6873161614718
424.7402707181466 147.1552936881303
695.6676421668811 481.5939150503409
802.5570671246635 308.3825320619151
453.0334491396626 316.58735430182026
563.0753597226801 435.4434773681823
510.5631987785454 789.1563957998948
817.3379690016557 788.4613454414173
707.2725115197732 642.0774351008344
837.479093038146 420.89981763255946
630.1944572889965 652.9980345103661
395.88130458024716 295.922330324957
238.69226621222384 309.0677266572281
756.5635741552832 591.1357512942488
302.59793566394546 567.5676566515901
415.29690774320466 605.4189701003367
743.7667091216255 643.7714827418268
504.8320956634502 259.7695954356792
590.1824349394025 930.4323098242644
641.259005149185 821.7837820378675
304.2951157634309 846.0511838866057
218.34072296452206 645.3990515119622
495.4199046490333 471.59831377611664
449.26066649561346 621.4681283623582
610.1632445237306 842.0873811973638
346.969497422633 290.5908842643637
353.15517207272 407.23034177652505
956.8970413255646 452.69104635967005
654.0968956078455 493.3237677923195
356.0152381780422 401.40419501386754
514.6535689379192 749.0233965183852
419.47841229503155 865.6996230253835
125.01214842169821 813.9611583553431
532.9542303883578 586.6484579717554
562.8923484310893 753.4230606740507
557.3369758037288 244.26754913696902
380.11612088413267 471.66609738063835
421.69128051946876 822.133496743101
545.4928663112316 497.7824847611577
482.98952347579416 538.6883241581553
540.6103975266341 561.5563526768144
556.395286726022 641.7107688753254
286.16585948860666 638.2895085748662
203.32884620270937 633.8561837361449
501.3030133568552 208.82045448861658
506.4348735718574 837.7229103992595
494.1833366945825 221.81458364487202
370.80343856190837 681.8541313154163
498.1262667542897 525.3225048323784
159.67546184041646 775.7106434252394
812.3181824992971 733.4051481771779
412.19027169758 592.2456162758402
560.2851429676141 279.80724838711666
518.498180126921 433.32520202283627
488.8974190477658 478.80118440683856
775.9483854395219 790.233522095843
594.3033874704337 953.8371844868516
752.5369886861672 562.3285688261808
712.9594562445392 459.8036771786193
526.7732839375693 525.361447005564
614.5987521008482 97.03561936232853
23.011062167703813 502.7300299074175
687.2315005772084 819.7769910462328
155.33846142046696 846.2288721634105
676.978147332119 665.9333809765801
520.1671867284156 424.75721724554506
615.8422221289678 542.0753659825217
489.79548967580746 967.4432628722968
547.186518250025 508.9810901736251
426.58089035289936 501.55915053846167
356.4033916992902 681.7709146356779
436.91482329873304 346.94739047591526
486.6573676828993 557.867462255117
310.74073886188455 449.4508178940619
499.114265245076 502.20231810785435
179.07445203846464 821.419216245038
781.7166649891512 903.6059658026513
842.7037644671557 286.6714055581084
685.756376783125 114.59046959601557
464.16677026306905 245.88548915980203
596.5445612839981 878.4148118701919
439.5533626734174 458.993119264772
236.86390049824558 334.4898062546498
187.0775418762475 244.94001932174444
766.0510265519997 494.6343689380097
728.1357466059245 388.14882987983515
783.1968210622938 459.8830785421371
774.5916255049506 811.3560271378573
494.7275409637266 508.68535415000906
472.16885043558034 7.919535531507165
257.2044661815062 379.6050154321737
730.3998195503334 639.879708397036
336.9719522308541 560.2740343335325
844.1635762327764 457.37598867484684
497.08491575166124 494.67885030426135
412.02889174763385 158.22765838128532
699.1366442266132 772.4842415497201
387.1471665699712 174.01582708247287
783.2171007912625 868.6810229343837
872.8911903306238 354.61288218774405
764.0874418692167 179.52895545649574
262.2513962547972 370.6131077186001
456.8459270887036 513.0836060550525
292.42722825522134 805.4525512724563
822.8390454937753 669.557517461799
256.64566788284696 611.9372687117212
479.5178232907642 431.72869640806755
403.5035705517628 796.24740207688
172.56539261993169 274.0963870045125
480.2756704224676 898.0629262323432
750.8093458191945 598.2384177461943
603.5114172297025 916.4595094567235
408.12875317914734 95.84153448227062
771.4143473038164 201.8676912177026
920.2849997586386 238.7293472142154
534.6783690421768 371.96657847152653
502.62110110838745 500.976030678041
523.1219895118103 533.5983285182816
386.0909711069064 451.7319418575495
487.43729048918186 462.7100856267512
810.5250717581882 136.1207445129619
489.18154725311047 502.4136997512504
389.3267311306996 583.2313129091169
955.2260512211787 638.336964565837
528.2870633150085 450.1220134961928
483.53047350706595 416.4111100547867
494.18841992889213 431.6495066583828
364.507156771939 389.81154343366677
782.5443694610851 239.39096887520043
583.1520592682868 678.8036381195886
551.8944919738062 456.91324024647764
369.5390743900517 37.853810131887315
288.82079294436437 653.4040819076035
851.4068871503648 625.9185721420457
529.4585876538955 518.2931369959537
501.40317730512396 501.09879001204894
529.4473014892483 465.70401051205613
499.7696899164086 500.60346893743287
410.2198535146638 803.9091637914739
243.20906752487542 610.6884715200338
747.7410833231846 301.02843178676903
454.0478893584889 542.8193871724328
613.0080954266206 590.8716966231132
631.8658356547992 422.7131272689469
526.9265244426048 524.3813649727331
468.71737046902246 411.7585652248428
516.4474825982644 589.8697644091377
366.6239640859269 553.2167535635047
479.5305615389185 509.9146141720168
656.3332025275254 664.1267415367643
672.7752545557024 920.7294663659497
438.5939316034056 790.8362919162396
248.4300604058038 536.8292279164687
693.2128295449414 217.6397363399858
402.52931433958383 544.55113214221
542.5277616428974 496.07495518479027
445.73165460544453 495.2125073332399
713.2548024583815 882.7117829129667
491.87118905340975 41.24339294199069
609.7934921225954 738.555164022844
852.360336961952 300.7283524674824
135.75570682247604 809.811144636046
511.3161884386533 172.934569280073
156.46992764833806 679.5408376486608
721.4399384768531 512.6908599204546
451.22836396699364 421.5990185394309
612.6825602597272 528.2096778907749
427.5037175935999 948.623444228725
571.4775678687608 498.44097980332606
376.91120920580227 550.8325668107955
803.5926025224267 349.89370891519786
539.2741971137334 687.8615290350075
726.013144415896 849.3609567058363
707.9270276187342 551.7834536531343
580.3162329087495 618.147979525709
706.4546980973257 750.5963894338317
408.22234138211473 432.4250843397942
271.49272903923634 925.2533302509441
585.2517328114926 411.9299975056633
96.06361528853705 563.0699335030271
506.5801112385496 517.2947831689733
497.8585867715735 498.03396336653265
435.2712641616634 184.6084066478258
516.0039731125321 638.1199454251846
354.96949893760836 478.889515692715
539.1847593427287 749.8772400471559
930.8865085356939 320.2917041321016
308.9620623684311 515.6306814441677
512.2450210197411 499.1679675339836
305.5708370141305 804.9992053876314
508.48111856626895 419.30850537080823
723.8846845800654 689.2571830119255
309.25703267656195 789.7060463375972
751.0141800313361 725.5608487172414
243.60470799881477 411.1081081863172
524.6408711095762 172.66135091356836
481.28037047465773 546.5080248847954
606.4207163734574 626.781978341408
455.8670667737624 576.0276812907143
114.88909757515052 685.9010958703213
733.7876919411925 752.9610012338804
390.4495604939009 245.88705281708926
789.1280061418752 97.44368401377818
588.4426446533608 544.5718541785511
685.0857787335344 631.0519389068552
487.2004317265457 505.23717621183135
526.8093685681199 609.2517822811811
554.6024050862965 573.8509805722498
68.15917094758038 582.4058063883214
175.5469097559768 374.99568981952
350.3510486995467 23.73956055156077
808.4617628373452 519.5239042242064
342.7876601107549 763.0445358109487
458.60963719554843 716.2210896016655
150.74921632737994 711.233118724504
301.67525071453326 442.03238918211144
411.7327497350806 892.4896929640663
485.6962968714003 506.031579111556
496.4260552415981 475.57019021173653
257.7706114638212 471.27850299124486
654.7186054609291 484.588057046444
247.22033349028086 362.0846983265558
657.6317444229484 177.22331642839254
429.9476602611982 528.7721393225213
600.8102059905004 500.0580782428363
97.93498671523156 209.2735747488988
484.3566536935283 428.6262389160662
793.5580802784588 441.97037531655064
371.3082303479479 519.360304888371
622.651663000858 506.8414984775959
356.9121093442775 468.5202398612434
573.9361054036208 681.7203429831336
288.9640481648536 496.4456620814965
449.06073956097964 673.2070726657801
921.4430791093929 520.373181431523
509.0852876981791 533.0463274182063
467.30983192258043 666.1124086787298
730.3711467261946 517.1749341643283
359.2256781889341 613.1553601097597
611.475079326725 463.1629345742532
268.5839081545116 608.3260248216117
330.11240860578675 495.62959324975327
486.98300342873426 533.6619966415936
787.1990668192537 777.256242725719
834.6784232131353 572.1470868435333
354.8484932157222 551.7632835180741
513.3547690383297 550.7421692267367
449.98016744220365 414.3619254680772
471.38756068042585 720.4963154127926
349.68509118747716 414.84800337205814
385.4584600352798 538.3469176470651
594.4096062569104 874.49160877279
489.33440954630305 398.34352378627466
267.4395329134061 813.5390749331801
599.0373587746674 731.3839577856872
339.1136422614329 774.841844356926
502.6011040074291 485.52300434489956
497.1868200504215 512.2350188085414
440.92442777325675 467.2271888560102
291.00217714483364 213.60325759035612
6.967365312692948 487.1639443543281
467.5718993811321 540.8392773950352
899.8698016384432 545.054777226125
874.1871923789339 525.5244251959637
620.3520141664812 964.7056106881342
273.1010144027745 57.279351664772605
481.2433989194855 538.2292637136829
307.8714408898608 702.6328678072331
442.5563272677751 528.8201250576776
502.87822391988686 509.22719646304404
589.207429384863 751.3289943399136
806.3939116648237 660.69847469459
686.8058329878809 305.845350280504
191.31348975813125 755.93082011219
251.70568241364597 896.342739112032
388.68728910204754 366.59739344488656
714.5005371659307 398.89907052474587
718.8426066856262 339.81333671710877
765.41702218458 489.80893019220963
493.81049720967 638.688204479338
223.4214562931934 517.3429804500955
623.2725651910206 222.23993269849643
595.1882569646802 392.0732809819715
215.8560750300536 168.76845153829908
475.71856377209565 878.7543222562517
846.5140416872691 546.0239239066686
347.62373020206405 279.81377007088224
806.2522797184113 252.34339834466374
815.1085133238149 237.6402307903171
465.4775556044699 467.0133785953833
372.6471574970151 264.70311042605954
146.8527854571292 387.16602452729404
166.4985155523985 493.5127242844362
223.06427055566235 262.4993876998697
484.63031369738366 895.190949900664
679.9454197883614 457.296344212204
62.7724525430894 511.7755886042156
523.6170217938364 543.6087355740491
587.3823530789934 483.2042127256092
426.7254524621943 393.23079027925223
438.0243334587426 364.3865553896385
508.0118058608324 633.3223852241882
522.8985491843067 404.12761699190366
310.35679761347404 691.245021432906
600.4761445301147 637.6519268469045
392.5183904799161 701.0117739673703
540.5542485665198 37.91446325651975
790.8614476054297 338.5629947033989
263.2969736497073 634.5849601462098
241.71236579953853 78.67048353064479
692.7602422620121 347.8143162041914
635.6937169505403 487.6754702270404
485.9737751513822 278.2770490966004
701.9395169620022 708.3998758227222
530.9684185388568 535.3850708770989
410.9677583641433 436.82581835089746
261.3425717483357 131.4247357503932
420.29492830822795 411.84395041192124
732.7820403095047 76.96768459619187
584.3694187583485 438.60226955613916
556.4681271933475 579.2357383313602
563.3472355658645 385.0024709839664
874.924211586344 445.18921306668614
343.2217440416317 770.3464840692648
523.619309114307 495.8394857828742
469.37499609371554 553.2290955112046
590.1290118399476 564.4263902738562
282.23502270778476 492.0312606195628
855.6052767953336 568.187045057103
558.3429471207261 426.5585536422333
440.01963211188615 402.3538508304192
486.2564384619458 659.5858081070713
578.3474961781066 448.7508738523148
765.0508107591136 377.4333206063579
457.8888806965996 724.1771398772814
527.8013096424846 310.02563795213956
595.1190943668303 391.3671885324833
773.8134313613716 700.1991516182994
576.242980527324 623.7927274611448
468.3149250405562 465.4971324350878
867.0224681992895 304.82035568632074
563.7610777450999 36.57501945895547
127.12834704787838 374.78051133675876
449.65480255502956 647.9839288790305
658.5671927360754 356.6114330120321
559.7546779384634 554.1041286204202
797.1458508285895 708.484364235645
271.3801029611701 664.2696781222576
378.6549551184853 622.999353110408
435.3168654445072 321.41392103539215
454.93433023236247 530.0056703421094
188.44959796982067 178.11923103158603
454.0846226016237 888.9964293115174
358.28020585207423 97.42655607709105
527.3644688627039 815.0794355437735
156.15665100234054 860.7880984041533
613.9927015078217 565.2078698188238
993.6799346776882 441.0547252670026
966.6871885850469 662.0709535524395
467.5958450064353 700.4161331744701
515.4881427810228 538.6925640292359
468.177146769772 581.4681757566732
509.6120182233975 495.6069596215605
341.2430976561444 965.272930863262
515.061800102443 495.711419561947
187.51588596879634 647.4371802956264
546.590129410062 503.9690411621261
942.739597966083 725.6253381992445
739.3340358519031 807.5729722107726
675.9807574168269 428.39563013614327
599.6458686240713 500.7947402500782
282.8449186302606 445.8481841933614
641.7930855607549 805.867020620768
799.6816169044223 623.8644259978537
222.9657764057526 676.141939907324
547.4078794194933 779.6855779607097
791.4548837565043 808.8683880445018
593.7299960275045 52.33920318837875
289.2290222763226 436.4433082005389
335.3812967278858 300.70732529293645
73.67603021554459 541.1523132743067
845.1881249370301 403.13557103615676
278.2577420314582 581.6540420598814
196.21603472799666 265.18294243442324
597.1910483072174 584.3813871677744
222.5757315466136 913.019956210069
545.8275511461479 713.7898296797636
135.03889171875585 468.89679608245854
917.7516655259376 389.1422043788489
462.16119870355396 357.08187087365377
72.97806360301917 310.2255490416743
678.6337262072965 294.95325195814166
348.44569109566453 744.7981083574476
147.2589151755597 785.9246978096826
482.0337958070331 511.514966303543
447.99938866647733 482.2320408512102
973.5364917163946 350.02010036711215
590.070897412025 515.2681430616316
661.685560566822 245.77236533605208
456.5746535913551 91.25469144109474
619.3771497379905 441.5943967327522
408.5728363981941 752.0075114265842
845.8447184267824 306.63565619122517
453.63468562993273 769.3146794386125
81.32036296677018 433.25637558229863
925.8808123382003 357.3776127197623
903.4048385448516 476.80120935460286
796.2515734795866 751.2280691838241
474.91813510740576 553.9917811817415
408.40607258119235 787.35096142628
144.8193499209574 455.6171340134494
538.4692607982807 495.2771436148854
524.7138957414425 497.4003186549317
671.2778416678561 958.9707682745345
273.4825238055235 173.9104719105988
419.257439532544 556.2647012170578
679.4796194535382 509.6739170012807
571.531119037031 509.52402766303345
964.9103647563079 486.6976331177654
671.349495862353 333.1766316566378
914.4993138868788 390.856203123814
742.6086654566587 786.0524661275073
344.8817410951523 916.7007443931584
319.0405687283243 366.9447914626735
846.7642466381736 790.5029035314075
840.611635997886 575.1749122043802
703.6589034620937 662.0772262355272
486.4214096353337 857.5360037830583
412.73423699769864 456.34920547465674
526.1967776647814 487.0210318042688
410.99897564481313 563.4426452931186
318.76057544535854 298.5241658043599
509.1516857192444 643.8567153812878
341.0988626948089 177.70252422330225
602.5216389254747 502.38483720955713
740.8407465862322 784.6229133976285
656.8547140785716 751.8750787693847
568.8393117910628 736.8815490014126
597.6273090407561 701.699076889721
121.01520230825179 599.1531169762678
611.4236959624631 853.5747429915941
607.3660232138814 157.47758685597506
372.9349025907811 435.3289355102432
574.1043084877813 469.19618238394617
751.2304196882377 595.2741014109974
783.367045981207 473.8590834841832
485.6828446282475 470.49539250986544
265.1825127332072 633.0109265779913
967.4625266067095 515.8950859028358
722.3633838904799 283.72210496942125
508.0760333579719 690.1508865968473
435.6727003131554 436.1977064439568
850.9883091572588 405.19749133614516
621.0045699311073 649.3831074137577
173.93122310432125 620.7655954522563
351.3665673243254 754.5941941006826
344.71857567792824 86.10718593317739
921.6074328951194 546.9967228574391
429.21309300932097 286.09516762343287
699.0001427989165 348.9984012396492
300.101679464399 815.9789793558734
624.4492926585757 524.9099310202345
96.325366350563 750.1798388489179
704.8160813213021 296.59142824465846
248.99581064621827 532.0622773277205
360.2331056188069 780.508127936798
765.0636582143883 639.3964954434459
637.8991878776484 311.47055494204506
189.78165743244307 596.0598823515229
494.78450194333556 94.32728482677499
342.8670897348005 501.5708858640172
484.10375051870733 472.8861758713426
464.5346724137274 329.8290214506502
503.03365716430454 504.3061002523501
574.0928424173107 536.5135619750141
463.84494365159907 445.04237298088134
174.21518470101915 837.1184588353939
456.04059896407733 499.8266024996978
300.2828509239587 702.3094973697588
301.3302180203097 230.30622937306822
736.6751685219295 920.8131042699431
498.92710233953295 432.250229690057
199.76876880664696 494.79427349317103
489.7993735747823 189.60090143123165
334.8197475604958 330.55573509255385
478.7883767657998 478.86647721069284
609.9124898524767 448.4388987093691
599.4362504162933 903.7468015079041
689.1590102421424 639.6034374628176
500.1663086710345 404.192333129677
603.652942318288 203.03306453512585
686.9115500781023 476.7567920772414
789.5646086887052 235.90858379591276
483.75194187787224 415.71832334733455
782.1822804511788 385.88179701367284
201.6017511145107 393.5553123129147
382.6202097119094 155.29046978469182
761.1095654679049 665.7297806896972
595.6917084987996 484.1775838635856
266.69487728364777 781.5403487375197
545.525019195987 634.3248608977475
357.04206919503076 582.500774032166
212.32356888356622 704.7341870671369
555.6183732472398 385.11452088394196
430.39147758475355 856.6337702483822
500.25741969239397 487.86859880915847
167.08309175868163 588.8383254983627
448.8986144987878 339.2490977495626
235.27140009767578 867.0414664798636
432.51111697460635 930.6779013553512
880.0113053598184 745.0688740130522
247.65112492630175 529.329097036805
682.41548308062 264.53111063840174
648.7740019055716 433.0328302231372
20.07269317345839 587.4156066445462
743.3678237767227 96.90052502727622
431.4124628649637 187.75360893181033
499.421722348257 501.5783198864085
553.3379645150608 256.3319598253519
27.513442038390735 613.9387934501099
112.44694508312995 582.6502901775857
790.7835115410799 600.5560471906799
473.6455298017745 840.834345515781
501.6744615723497 496.23670351256334
525.6860497789233 742.5994991858369
426.6552756024562 422.4882415229572
333.9276258588866 112.36059151449632
389.1520568858717 470.2368996857848
840.4518892890956 172.18295175548042
552.7757311718785 608.8167049612179
567.3748778722045 366.27272180247917
238.24812966730423 276.8875684116555
640.6939987730018 420.09528015399235
502.29628140562244 420.74591210445806
250.9639013560028 430.88724292598476
152.20640061903225 521.2415465974047
898.9186861366707 655.9910402715764
411.530667137226 799.7842630660459
240.65479577981466 429.9772307978067
640.5389825268642 214.30618451794805
422.67079540585814 524.7631639207925
760.2243095472288 488.46071721580665
512.2352085135228 496.46767971284004
228.63515777626964 554.5267838314832
584.2101529287795 497.98655986887525
641.4500487639773 482.810203608146
450.58059238837336 743.3781965473568
568.9662959742716 440.82062254795835
414.4111265552061 649.7276722457885
330.5285592908723 501.4349992399573
316.0462589493651 697.6542157160635
558.9775008927282 620.9991429688254
463.6049499636164 585.2602472778167
776.412513820027 388.22590765661823
453.3066121669634 524.1882937781488
448.07259312279206 658.4496459023582
550.9678902806154 539.0086516015666
356.2305718125433 558.4761371509536
489.0496879731304 583.5807836081965
488.3768080740393 613.4018640580834
534.1695327668657 676.5921441275736
843.8847893937011 331.2520589129466
412.68616000416614 649.0416044497176
463.3918193578001 563.9730852473804
564.1488377789024 568.9677308028803
571.5636669103329 224.86601457488126
621.2318026890289 552.2398024089294
26.184256732453775 539.5029564098485
481.68783169587056 967.5250254901214
249.97905082532864 407.43713418708194
572.0225302060807 122.61181753655433
508.37933293924164 33.93912813944763
243.62959681954436 569.5795943415349
471.3609244552238 713.4090648775124
579.3406982870437 607.2161525416238
659.8163416906098 632.8716325235332
407.5718535389134 587.5294612652865
455.5815682664652 509.0528605690084
584.3894422307774 113.74313010981928
878.8281749327937 637.838297425629
521.935198881747 656.6534597772837
741.4887015466866 306.42955934986566
368.66567689645944 239.84355517597112
906.2077361647166 768.7340276655327
561.6571276509877 409.53654953285263
211.8862675266687 724.7515930728756
376.50177088521554 564.053667557676
482.2230943215137 452.8140296542051
521.9613845551953 538.2795197452922
362.1061686785008 319.03217503548797
2.5565848620943257 467.3611536788434
316.34174542662396 504.56356145630446
318.2040129158718 603.3864970251777
206.76716806433456 297.25134178864687
916.0795405430252 688.8463274398412
520.1655619935048 447.565011948103
201.01368139367548 150.64276282564708
611.6894892680968 262.0031284901009
543.0275334677607 457.4971836398249
410.04202390454725 356.34016450255353
339.85872834389045 631.0435894452886
688.5479472734752 883.0639528092674
101.59445947414127 350.49438481004177
847.3074541054949 452.6792010709347
513.2069781449634 18.186212603637216
350.73471245980386 561.7767511864945
567.7574015485458 675.76128918494
388.3143281370569 368.63877473959184
807.7515663393056 350.62135344531146
532.3022548475822 332.79963305148897
535.1362941353599 432.39468577733186
386.29702069291164 534.9051198955224
911.9914047552433 702.783899647403
410.446444730323 653.4350149931889
493.8170997314415 495.3933733096712
209.35295014069135 818.0914628053672
573.5544691802213 857.7570234248329
570.006685768645 613.1678613448096
249.3453422879025 554.5056434059154
337.1307480904385 615.3268628811131
266.0397944174624 882.4951748123362
428.97193469565167 591.7338063425154
395.09620094717474 181.43671325101303
790.2930870795896 770.1733590327476
896.2755272587344 357.35271785310385
620.3470621096425 652.1971765430678
444.84470130128415 119.10127395602575
425.2750835623988 365.134788700399
533.2616265224683 398.8358746359523
543.2685989659913 601.7260941142566
935.1724557007394 311.8370189758294
396.9927401791731 287.4682475628291
489.7135575087904 494.31435231592036
213.35326279329013 602.9980129941493
160.09602392692688 571.7293769069912
