-0.5 1
3
-0.9 -0.1
-0.2 2
-0.7 1

0 1
3
0 0.25
0.25 0.75
0.75 0.999

0 1
3
0 0.25
0.25 0.75
0.75 1

0 1
2
0.5 1
0 0.5

0 1
2
0.5 1
0 0.49

0 1.1
1
0 1
	


-0.5 1
3
-0.9 -0.1
-0.2 2
-0.7 1

0 1
3
0 0.25
0.25 0.75
0.75 0.999

0 1
3
0 0.25
0.25 0.75
0.75 1

0 1
2
-0.5 0.5
-0.5 0.5

0 1
3
0 0.33
0.33 0.66
0.66 1.01

0 1
3
5 6
5 6
8 9

0 1
3
1 1
1 1
0 1

0 1
3
0 0.8
0.9 0.9
0.8 1

0 1
3
0 0.8
0 3
0 0.8

-0.5 1.0
2
-0.5 1
-0.5 0.5

0 1
3
0 0.2
0.1 0.5
0.5 2

-100 100
3
-100 0
-100 0
0 100

0 1
0

0 1
5
0 0
0 1
0.01 0.01
10 10
0 1

0 1
6
0 0.25
0 0.26
0.13 0.27
0.26 0.26
0.14 0.9
0.9 1

